4.321438312530518
5.169628143310547
5.201841831207275
5.202281475067139
5.175713062286377
5.234852313995361
5.272996425628662
5.232799530029297
5.145925521850586
5.226790904998779
5.098967552185059
5.08671236038208
4.821127414703369
4.973342418670654
4.902346611022949
4.695928573608398
4.738811492919922
4.701608180999756
4.543895721435547
4.4314188957214355
4.439049243927002
4.43901252746582
4.381925106048584
4.492098808288574
4.188171863555908
4.083083629608154
4.107994556427002
3.962137460708618
4.058865547180176
3.9026601314544678
3.9609193801879883
3.556182861328125
3.191397190093994
3.562363862991333
3.6270055770874023
