31.9061279296875
33.12696838378906
32.52188491821289
31.238666534423828
30.097084045410156
30.07110595703125
30.220937728881836
28.276023864746094
28.505247116088867
28.603715896606445
25.689245223999023
23.947391510009766
26.2939395904541
25.871244430541992
22.55486297607422
24.62630844116211
20.802305221557617
22.66579246520996
22.755285263061523
21.38784408569336
20.52924919128418
22.345130920410156
20.800783157348633
15.352343559265137
21.007131576538086
17.725189208984375
17.80867576599121
17.9184513092041
16.953001022338867
17.10374641418457
17.256103515625
15.008061408996582
20.952600479125977
20.375394821166992
20.157495498657227
