32.3214111328125
33.56758499145508
32.9500617980957
31.66791343688965
30.507204055786133
30.46869659423828
30.61423683166504
28.64594841003418
28.870573043823242
28.97047996520996
26.024169921875
24.25531578063965
26.62044334411621
26.190765380859375
22.82556915283203
24.909278869628906
21.02982521057129
22.89100456237793
22.98173713684082
21.588451385498047
20.706377029418945
22.533172607421875
20.940366744995117
15.433093070983887
21.140539169311523
17.82033920288086
17.877225875854492
17.96673011779785
16.975786209106445
17.114892959594727
17.257699966430664
14.99059009552002
20.988868713378906
20.397424697875977
20.163034439086914
