68.54898071289062
71.86418151855469
70.67378997802734
68.10885620117188
65.77999877929688
65.774658203125
66.10816955566406
62.1547737121582
62.52174377441406
62.800987243652344
56.81238555908203
53.2894172668457
57.735511779785156
57.03535461425781
50.282779693603516
54.23151397705078
46.57094192504883
50.25840377807617
50.28091812133789
47.40771484375
45.67467498779297
49.31731414794922
46.12307357788086
35.27753448486328
46.33584213256836
39.62861251831055
39.79389572143555
39.847320556640625
37.98765182495117
38.121299743652344
38.4747200012207
33.554832458496094
45.13286590576172
44.335182189941406
43.94753646850586
